function mpc = group_10_casefile
%GROUP_10_CASEFILE -- Written By Brendan Greeve, Dylan Hang,  Venu Soma
%% MATPOWER Case Format : Version 2
mpc.version = '2';

%%-----  Power Flow Data  -----%%
%% system MVA base
mpc.baseMVA = 100;

%% bus data
%	bus_i	type	Pd	Qd	Gs	Bs	area	Vm	Va	baseKV	zone	Vmax	Vmin
mpc.bus = [
	1	3	0	0	0	0	1	1.0450	0	345	1	1.1	0.9; %Slack Bus
	2	2	0	0	0	0	1	0.9800	0	345	1	1.1	0.9; % Start Generator Buses
	3	2	0	0	0	0	1	0.9830	0	345	1	1.1	0.9;
	4	2	0	0	0	0	1	0.9970	0	345	1	1.1	0.9;
	5	2	0	0	0	0	1	1.0110	0	345	1	1.1	0.9;
	6	2	0	0	0	0	1	1.0500	0	345	1	1.1	0.9;
	7	2	0	0	0	0	1	1.0630	0	345	1	1.1	0.9;
	8	2	0	0	0	0	1	1.0300	0	345	1	1.1	0.9;
	9	2	0	0	0	0	1	1.0300	0	345	1	1.1	0.9;
    10	2	0	0	0	0	1	1.0250	0	345	1	1.1	0.9;
    11	2	0	0	0	0	1	1.0100	0	345	1	1.1	0.9;
	12	2	0	0	0	0	1	1.0156	0	345	1	1.1	0.9;
	13	2	0	0	0	0	1	1.0110	0	345	1	1.1	0.9;
	14	2	0	0	0	0	1	1.0000	0	345	1	1.1	0.9;
	15	2	0	0	0	0	1	1.0000	0	345	1	1.1	0.9;
	16	2	0	0	0	0	1	1.0000	0	345	1	1.1	0.9; % End Generator Buses
	17	1	60.00	3.0000	0	0	1	1	0	345	1	1.1	0.9; %Start Load Buses
	18	1	24.70	1.2300	0	0	1	1	0	345	1	1.1	0.9;
	19	1	0	0	0	0	1	1	0	345	1	1.1	0.9;
    20	1	6.80	1.0300	0	0	1	1	0	345	1	1.1	0.9;
   	21	1	2.74	1.1500	0	0	1	1	0	345	1	1.1	0.9;
	22	1	0	0	0	0	1	1	0	345	1	1.1	0.9;
	23	1	2.48	0.8500	0	0	1	1	0	345	1	1.1	0.9;
	24	1	3.09	-0.9200	0	0	1	1	0	345	1	1.1	0.9;
	25	1	2.24	0.4700	0	0	1	1	0	345	1	1.1	0.9;
	26	1	1.39	0.1700	0	0	1	1	0	345	1	1.1	0.9;
	27	1	2.81	0.7600	0	0	1	1 	0	345	1	1.1	0.9;
	28	1	2.06	0.2800	0	0	1	1	0	345	1	1.1	0.9;
	29	1	2.84	0.2700	0	0	1	1	0	345	1	1.1	0.9;
    30	1	0	0	0	0	1	1	0	345	1	1.1	0.9;
    31	1	0	0	0	0	1	1	0	345	1	1.1	0.9;
	32	1	0	0	0	0	1	1	0	345	1	1.1	0.9;
	33	1	1.12	0	0	0	1	1	0	345	1	1.1	0.9;
	34	1	0	0	0	0	1	1	0	345	1	1.1	0.9;
	35	1	0	0	0	0	1	1	0	345	1	1.1	0.9;
	36	1	1.02	-0.1946	0	0	1	1	0	345	1	1.1	0.9;
	37	1	0	0	0	0	1	1	0	345	1	1.1	0.9;
	38	1	0	0	0	0	1	1	0	345	1	1.1	0.9;
	39	1	2.67	0.1260	0	0	1	1	0	345	1	1.1	0.9;
    40	1	0.6563	0.2353	0	0	1	1	0	345	1	1.1	0.9;
    41	1	10.00	2.5000	0	0	1	1	0	345	1	1.1	0.9;
	42	1	11.50	2.5000	0	0	1	1	0	345	1	1.1	0.9;
	43	1	0	0	0	0	1	1	0	345	1	1.1	0.9;
	44	1	2.6755	0.0484	0	0	1	1	0	345	1	1.1	0.9;
	45	1	2.08	0.2100	0	0	1	1	0	345	1	1.1	0.9;
	46	1	1.507	0.2850	0	0	1	1	0	345	1	1.1	0.9;
	47	1	2.0312	0.3259	0	0	1	1	0	345	1	1.1	0.9;
	48	1	2.412	0.0220	0	0	1	1	0	345	1	1.1	0.9;
	49	1	1.64	0.2900	0	0	1	1	0	345	1	1.1	0.9;
    50	1	1.00	-1.4700	0	0	1	1	0	345	1	1.1	0.9;
   	51	1	3.37	-1.2200	0	0	1	1	0	345	1	1.1	0.9;
	52	1	1.58	0.3000	0	0	1	1	0	345	1	1.1	0.9;
	53	1	2.527	1.1856	0	0	1	1	0	345	1	1.1	0.9;
	54	1	0	0	0	0	1	1	0	345	1	1.1	0.9;
	55	1	3.22	0.0200	0	0	1	1	0	345	1	1.1	0.9;
	56	1	2.00	0.7360	0	0	1	1	0	345	1	1.1	0.9;
	57	1	0	0	0	0	1	1	0	345	1	1.1	0.9;
	58	1	0	0	0	0	1	1	0	345	1	1.1	0.9;
	59	1	2.34	0.8400	0	0	1	1	0	345	1	1.1	0.9;
    60	1	2.088	0.7080	0	0	1	1	0	345	1	1.1	0.9;
   	61	1	1.04	1.2500	0	0	1	1	0	345	1	1.1	0.9;
	62	1	0	0	0	0	1	1	0	345	1	1.1	0.9;
	63	1	0	0	0	0	1	1	0	345	1	1.1	0.9;
	64	1	0.09	0.8800	0	0	1	1	0	345	1	1.1	0.9;
	65	1	0	0	0	0	1	1	0	345	1	1.1	0.9;
	66	1	0	0	0	0	1	1	0	345	1	1.1	0.9;
	67	1	3.20	1.5300	0	0	1	1	0	345	1	1.1	0.9;
	68	1	3.29	0.3200	0	0	1	1	0	345	1	1.1	0.9;
	69	1	0	0	0	0	1	1	0	345	1	1.1	0.9; %End Load Buses
];

%% generator data
%	bus	Pg	Qg	Qmax	Qmin	Vg	mBase	status	Pmax	Pmin	Pc1	Pc2	Qc1min	Qc1max	Qc2min	Qc2max	ramp_agc	ramp_10	ramp_30	ramp_q	apf
mpc.gen = [
	1	2.50	0	300	-300	1.04500	100	1	250	10	0	0	0	0	0	0	0	0	0	0	0;
	2	5.45	0	300	-300	0.9800	100	1	300	10	0	0	0	0	0	0	0	0	0	0	0;
	3	6.50	0	300	-300	0.9830	100	1	270	10	0	0	0	0	0	0	0	0	0	0	0;
    4	6.32	0	300	-300	0.9970	100	1	250	10	0	0	0	0	0	0	0	0	0	0	0;
	5	5.05	0	300	-300	1.0110	100	1	300	10	0	0	0	0	0	0	0	0	0	0	0;
	6	7.00	0	300	-300	1.0500	100	1	270	10	0	0	0	0	0	0	0	0	0	0	0;
    7	5.60	0	300	-300	1.0630	100	1	250	10	0	0	0	0	0	0	0	0	0	0	0;
	8	5.40	0	300	-300	1.0300	100	1	300	10	0	0	0	0	0	0	0	0	0	0	0;
	9	8.00	0	300	-300	1.0250	100	1	270	10	0	0	0	0	0	0	0	0	0	0	0;
    10	5.00	0	300	-300	1.0100	100	1	250	10	0	0	0	0	0	0	0	0	0	0	0;
    11	10.00	0	300	-300	1.000	100	1	300	10	0	0	0	0	0	0	0	0	0	0	0;
	12	13.50	0	300	-300	1.0156	100	1	300	10	0	0	0	0	0	0	0	0	0	0	0;
	13	35.91	0	300	-300	1.0110	100	1	270	10	0	0	0	0	0	0	0	0	0	0	0;
    14	17.85	0	300	-300	1.0000	100	1	250	10	0	0	0	0	0	0	0	0	0	0	0;
	15	10.00	0	300	-300	1.0000	100	1	300	10	0	0	0	0	0	0	0	0	0	0	0;
	16	40.00	0	300	-300	1.0000	100	1	270	10	0	0	0	0	0	0	0	0	0	0	0;
];

%% branch data
%	fbus	tbus	r	x	b	rateA	rateB	rateC	ratio	angle	status	angmin	angmax
mpc.branch = [
	1	4	0	0.0576	0	250	250	250	0	0	1	-360	360;
	4	5	0.017	0.092	0.158	250	250	250	0	0	1	-360	360;
	5	6	0.039	0.17	0.358	150	150	150	0	0	1	-360	360;
	3	6	0	0.0586	0	300	300	300	0	0	1	-360	360;
	6	7	0.0119	0.1008	0.209	150	150	150	0	0	1	-360	360;
	7	8	0.0085	0.072	0.149	250	250	250	0	0	1	-360	360;
	8	2	0	0.0625	0	250	250	250	0	0	1	-360	360;
	8	9	0.032	0.161	0.306	250	250	250	0	0	1	-360	360;
	9	4	0.01	0.085	0.176	250	250	250	0	0	1	-360	360;
];

%%-----  OPF Data  -----%%
%% generator cost data
%	1	startup	shutdown	n	x1	y1	...	xn	yn
%	2	startup	shutdown	n	c(n-1)	...	c0
mpc.gencost = [
	2	1500	0	3	0.11	5	150;
	2	2000	0	3	0.085	1.2	600;
	2	3000	0	3	0.1225	1	335;
];